0.000000000000000000e+00
9.999999747378751636e-05
1.999999949475750327e-04
2.999999851454049349e-04
3.999999898951500654e-04
4.999999655410647392e-04
5.999999702908098698e-04
6.999999750405550003e-04
7.999999797903001308e-04
8.999999845400452614e-04
9.999999310821294785e-04
1.099999877624213696e-03
1.199999824166297913e-03
1.299999770708382130e-03
1.399999717250466347e-03
1.499999663792550564e-03
1.599999610334634781e-03
1.699999556876718998e-03
1.799999503418803215e-03
1.899999449960887432e-03
1.999999396502971649e-03
2.099999459460377693e-03
2.199999522417783737e-03
2.299999585375189781e-03
2.399999648332595825e-03
2.499999711290001869e-03
2.599999774247407913e-03
2.699999837204813957e-03
2.799999900162220001e-03
2.899999963119626045e-03
3.000000026077032089e-03
3.100000089034438133e-03
3.200000151991844177e-03
3.300000214949250221e-03
3.400000277906656265e-03
3.500000340864062309e-03
3.600000403821468353e-03
3.700000466778874397e-03
3.800000529736280441e-03
3.900000592693686485e-03
4.000000655651092529e-03
4.100000485777854919e-03
4.200000315904617310e-03
4.300000146031379700e-03
4.399999976158142090e-03
4.499999806284904480e-03
4.599999636411666870e-03
4.699999466538429260e-03
4.799999296665191650e-03
4.899999126791954041e-03
4.999998956918716431e-03
5.099998787045478821e-03
5.199998617172241211e-03
5.299998447299003601e-03
5.399998277425765991e-03
5.499998107552528381e-03
5.599997937679290771e-03
5.699997767806053162e-03
5.799997597932815552e-03
5.899997428059577942e-03
5.999997258186340332e-03
6.099997088313102722e-03
6.199996918439865112e-03
6.299996748566627502e-03
6.399996578693389893e-03
6.499996408820152283e-03
6.599996238946914673e-03
6.699996069073677063e-03
6.799995899200439453e-03
6.899995729327201843e-03
6.999995559453964233e-03
7.099995389580726624e-03
7.199995219707489014e-03
7.299995049834251404e-03
7.399994879961013794e-03
7.499994710087776184e-03
7.599994540214538574e-03
7.699994370341300964e-03
7.799994200468063354e-03
7.899994030594825745e-03
7.999993860721588135e-03
8.099993690848350525e-03
8.199993520975112915e-03
8.299993351101875305e-03
8.399993181228637695e-03
8.499993011355400085e-03
8.599992841482162476e-03
8.699992671608924866e-03
8.799992501735687256e-03
8.899992331862449646e-03
8.999992161989212036e-03
9.099991992115974426e-03
9.199991822242736816e-03
9.299991652369499207e-03
9.399991482496261597e-03
9.499991312623023987e-03
9.599991142749786377e-03
9.699990972876548767e-03
9.799990803003311157e-03
9.899990633130073547e-03
9.999990463256835938e-03
1.009999029338359833e-02
1.019999012351036072e-02
1.029998995363712311e-02
1.039998978376388550e-02
1.049998961389064789e-02
1.059998944401741028e-02
1.069998927414417267e-02
1.079998910427093506e-02
1.089998893439769745e-02
1.099998876452445984e-02
1.109998859465122223e-02
1.119998842477798462e-02
1.129998825490474701e-02
1.139998808503150940e-02
1.149998791515827179e-02
1.159998774528503418e-02
1.169998757541179657e-02
1.179998740553855896e-02
1.189998723566532135e-02
1.199998706579208374e-02
1.209998689591884613e-02
1.219998672604560852e-02
1.229998655617237091e-02
1.239998638629913330e-02
1.249998621642589569e-02
1.259998604655265808e-02
1.269998587667942047e-02
1.279998570680618286e-02
1.289998553693294525e-02
1.299998536705970764e-02
1.309998519718647003e-02
1.319998502731323242e-02
1.329998485743999481e-02
1.339998468756675720e-02
1.349998451769351959e-02
1.359998434782028198e-02
1.369998417794704437e-02
1.379998400807380676e-02
1.389998383820056915e-02
1.399998366832733154e-02
1.409998349845409393e-02
1.419998332858085632e-02
1.429998315870761871e-02
1.439998298883438110e-02
1.449998281896114349e-02
1.459998264908790588e-02
1.469998247921466827e-02
1.479998230934143066e-02
1.489998213946819305e-02
1.499998196959495544e-02
1.509998179972171783e-02
1.519998162984848022e-02
1.529998145997524261e-02
1.539998129010200500e-02
1.549998112022876740e-02
1.559998095035552979e-02
1.569998078048229218e-02
1.579998061060905457e-02
1.589998044073581696e-02
1.599998027086257935e-02
1.609998010098934174e-02
1.619997993111610413e-02
1.629997976124286652e-02
1.639997959136962891e-02
1.649997942149639130e-02
1.659997925162315369e-02
1.669997908174991608e-02
1.679997891187667847e-02
1.689997874200344086e-02
1.699997857213020325e-02
1.709997840225696564e-02
1.719997823238372803e-02
1.729997806251049042e-02
1.739997789263725281e-02
1.749997772276401520e-02
1.759997755289077759e-02
1.769997738301753998e-02
1.779997721314430237e-02
1.789997704327106476e-02
1.799997687339782715e-02
1.809997670352458954e-02
1.819997653365135193e-02
1.829997636377811432e-02
1.839997619390487671e-02
1.849997602403163910e-02
1.859997585415840149e-02
1.869997568428516388e-02
1.879997551441192627e-02
1.889997534453868866e-02
1.899997517466545105e-02
1.909997500479221344e-02
1.919997483491897583e-02
1.929997466504573822e-02
1.939997449517250061e-02
1.949997432529926300e-02
1.959997415542602539e-02
1.969997398555278778e-02
1.979997381567955017e-02
1.989997364580631256e-02
