1.000000000000000000e+00
9.044525027275085449e-01
8.163279891014099121e-01
7.340774536132812500e-01
6.568866372108459473e-01
5.844074487686157227e-01
5.165821313858032227e-01
4.535140395164489746e-01
3.953666985034942627e-01
3.422858417034149170e-01
2.943457067012786865e-01
2.515182793140411377e-01
2.136648446321487427e-01
1.805447190999984741e-01
1.518355607986450195e-01
1.271590441465377808e-01
1.061069443821907043e-01
8.826405555009841919e-02
7.322634011507034302e-02
6.061386689543724060e-02
5.007871240377426147e-02
4.130904003977775574e-02
3.403003886342048645e-02
2.800286374986171722e-02
2.302220463752746582e-02
1.891317591071128845e-02
1.552787795662879944e-02
1.274199690669775009e-02
1.045153103768825531e-02
8.569824509322643280e-03
7.024902850389480591e-03
5.757146514952182770e-03
4.717273637652397156e-03
3.864617552608251572e-03
3.165672300383448601e-03
2.592862583696842194e-03
2.123515587300062180e-03
1.739004044793546200e-03
1.424034475348889828e-03
1.166056958027184010e-03
9.547773515805602074e-04
7.817548466846346855e-04
6.400703568942844868e-04
5.240533500909805298e-04
4.290576907806098461e-04
3.512769471853971481e-04
2.875931095331907272e-04
2.354524040129035711e-04
1.927632984006777406e-04
1.578130031703040004e-04
1.291989319724962115e-04
1.057725967257283628e-04
8.659362356411293149e-05
7.089201972121372819e-05
5.803737803944386542e-05
4.751353844767436385e-05
3.889790968969464302e-05
3.184451270499266684e-05
2.607008536870125681e-05
2.134273199771996588e-05
1.747258647810667753e-05
1.430421889381250367e-05
1.171037638414418325e-05
9.586882697476539761e-06
7.848448149161413312e-06
6.425250830943696201e-06
5.260128091322258115e-06
4.306281880417373031e-06
3.525400870785233565e-06
2.886120910261524841e-06
2.362764917052118108e-06
1.934311740114935674e-06
1.583552148076705635e-06
1.296397613259614445e-06
1.061314492289966438e-06
8.688602406436984893e-07
7.113048354767670389e-07
5.823198421239794698e-07
4.767244661252334481e-07
3.902772505171014927e-07
3.195060003235994373e-07
2.615681466977548553e-07
2.141364916496968362e-07
1.753058853637412540e-07
1.435166581131852581e-07
1.174919432855858759e-07
9.618644725151170860e-08
7.874440655086800689e-08
6.446522604619531194e-08
5.277537340475646488e-08
4.320530422319279751e-08
3.537063975045384723e-08
2.895667705615778686e-08
2.370579466060007690e-08
1.940708393988188618e-08
1.588788478557034978e-08
1.300684271399177305e-08
1.064823607066500699e-08
8.717329968987996835e-09
7.136565560728058699e-09
5.842450523374509430e-09
4.783005103092818899e-09
3.915674895438314707e-09
3.205622878255098840e-09
2.624328754308180578e-09
2.148443867255878104e-09
1.758853840350127484e-09
1.439910524148046989e-09
1.178803388235394323e-09
9.650441556985356328e-10
7.900470833099859647e-10
6.467832380785409896e-10
5.294982785564172900e-10
4.334812786499497861e-10
3.548755733717712246e-10
2.905239382400282011e-10
2.378415797643640417e-10
1.947123851042675824e-10
1.594040732744161915e-10
1.304984037497902705e-10
1.068343677412819659e-10
8.746146862304016167e-11
7.160157189378679732e-11
5.861764545977976582e-11
4.798816899409530379e-11
3.928619235482599947e-11
3.216219651713814187e-11
2.633004057839283263e-11
2.155546227622373578e-11
1.764668619563813934e-11
1.444671118844276236e-11
1.182700552077031730e-11
9.682346070738478971e-12
7.926589939977191079e-12
6.489215848698437483e-12
5.312488730174758089e-12
4.349144308579688811e-12
3.560488709419828979e-12
2.914844580981235111e-12
2.386279108340660926e-12
1.953561227716060777e-12
1.599310527761188538e-12
1.309298372845213443e-12
1.071875769566299486e-12
8.775064008759159151e-13
7.183831437704291112e-13
5.881145180228197766e-13
4.814683265789987399e-13
3.941608866554757729e-13
3.226854005354551358e-13
2.641710092864124615e-13
2.162673252287250492e-13
1.770503096345729666e-13
1.449447658251334925e-13
1.186610895263437437e-13
9.714358630659100657e-14
7.952797762781488311e-14
6.510670637598775512e-14
5.330053076419566382e-14
4.363523431472060565e-14
3.572260149904520066e-14
2.924481539096426830e-14
2.394168102160844358e-14
1.960019670979758211e-14
1.604597870048275754e-14
1.313626806073373010e-14
1.075419287855424594e-14
8.804072312222459284e-15
7.207577836973975971e-15
5.900585670569856445e-15
4.830597981488700052e-15
3.954637588536244475e-15
3.237520225391203772e-15
2.650441901407485021e-15
2.169821854608238940e-15
1.776355462971711176e-15
1.454238679888912589e-15
1.190533077090533739e-15
9.746468252085148214e-16
7.979085303244583434e-16
6.532191034283076070e-16
5.347671044085100609e-16
4.377946962607790968e-16
3.584068244469454162e-16
2.934148599068498071e-16
2.402082470970545161e-16
1.966499086567471423e-16
1.609902450938147252e-16
1.317969501642298445e-16
1.078974391014169299e-16
8.833176549578574256e-17
7.231405482585170279e-17
5.920092601117106566e-17
4.846567675978436613e-17
3.967711436197996194e-17
3.248223121954472298e-17
2.659204020495467330e-17
2.176995111940739592e-17
1.782227962247359942e-17
1.459046346253299392e-17
