1.000000000000000000e+00
1.011225700378417969e+00
1.040843605995178223e+00
1.084329605102539062e+00
1.138333559036254883e+00
1.200041770935058594e+00
1.266890764236450195e+00
1.336476802825927734e+00
1.406575441360473633e+00
1.475214838981628418e+00
1.540755867958068848e+00
1.601949810981750488e+00
1.657956600189208984e+00
1.708322644233703613e+00
1.752927064895629883e+00
1.791910171508789062e+00
1.825598359107971191e+00
1.854435086250305176e+00
1.878922462463378906e+00
1.899579167366027832e+00
1.916908979415893555e+00
1.931382298469543457e+00
1.943425297737121582e+00
1.953415632247924805e+00
1.961682915687561035e+00
1.968510508537292480e+00
1.974139928817749023e+00
1.978775382041931152e+00
1.982588052749633789e+00
1.985721349716186523e+00
1.988294482231140137e+00
1.990406394004821777e+00
1.992138862609863281e+00
1.993559479713439941e+00
1.994724035263061523e+00
1.995678544044494629e+00
1.996460676193237305e+00
1.997101426124572754e+00
1.997626304626464844e+00
1.998056173324584961e+00
1.998408317565917969e+00
1.998696684837341309e+00
1.998932838439941406e+00
1.999126195907592773e+00
1.999284625053405762e+00
1.999414324760437012e+00
1.999520540237426758e+00
1.999607443809509277e+00
1.999678492546081543e+00
1.999736666679382324e+00
1.999784350395202637e+00
1.999823451042175293e+00
1.999855518341064453e+00
1.999881625175476074e+00
1.999903082847595215e+00
1.999920606613159180e+00
1.999934911727905273e+00
1.999946594238281250e+00
1.999956130981445312e+00
1.999963879585266113e+00
1.999970316886901855e+00
1.999975681304931641e+00
1.999979972839355469e+00
1.999983668327331543e+00
1.999986648559570312e+00
1.999989032745361328e+00
1.999990940093994141e+00
1.999992609024047852e+00
1.999993801116943359e+00
1.999994754791259766e+00
1.999995708465576172e+00
1.999996423721313477e+00
1.999997019767761230e+00
1.999997496604919434e+00
1.999997854232788086e+00
1.999998211860656738e+00
1.999998450279235840e+00
1.999998688697814941e+00
1.999998927116394043e+00
1.999999165534973145e+00
1.999999284744262695e+00
1.999999284744262695e+00
1.999999284744262695e+00
1.999999284744262695e+00
1.999999284744262695e+00
1.999999284744262695e+00
1.999999284744262695e+00
1.999999284744262695e+00
1.999999284744262695e+00
1.999999284744262695e+00
1.999999284744262695e+00
1.999999284744262695e+00
1.999999284744262695e+00
1.999999284744262695e+00
1.999999284744262695e+00
1.999999284744262695e+00
1.999999284744262695e+00
1.999999284744262695e+00
1.999999284744262695e+00
1.999999284744262695e+00
1.999999284744262695e+00
1.999999284744262695e+00
1.999999284744262695e+00
1.999999284744262695e+00
1.999999284744262695e+00
1.999999284744262695e+00
1.999999284744262695e+00
1.999999284744262695e+00
1.999999284744262695e+00
1.999999284744262695e+00
1.999999284744262695e+00
1.999999284744262695e+00
1.999999284744262695e+00
1.999999284744262695e+00
1.999999284744262695e+00
1.999999284744262695e+00
1.999999284744262695e+00
1.999999284744262695e+00
1.999999284744262695e+00
1.999999284744262695e+00
1.999999284744262695e+00
1.999999284744262695e+00
1.999999284744262695e+00
1.999999284744262695e+00
1.999999284744262695e+00
1.999999284744262695e+00
1.999999284744262695e+00
1.999999284744262695e+00
1.999999284744262695e+00
1.999999284744262695e+00
1.999999284744262695e+00
1.999999284744262695e+00
1.999999284744262695e+00
1.999999284744262695e+00
1.999999284744262695e+00
1.999999284744262695e+00
1.999999284744262695e+00
1.999999284744262695e+00
1.999999284744262695e+00
1.999999284744262695e+00
1.999999284744262695e+00
1.999999284744262695e+00
1.999999284744262695e+00
1.999999284744262695e+00
1.999999284744262695e+00
1.999999284744262695e+00
1.999999284744262695e+00
1.999999284744262695e+00
1.999999284744262695e+00
1.999999284744262695e+00
1.999999284744262695e+00
1.999999284744262695e+00
1.999999284744262695e+00
1.999999284744262695e+00
1.999999284744262695e+00
1.999999284744262695e+00
1.999999284744262695e+00
1.999999284744262695e+00
1.999999284744262695e+00
1.999999284744262695e+00
1.999999284744262695e+00
1.999999284744262695e+00
1.999999284744262695e+00
1.999999284744262695e+00
1.999999284744262695e+00
1.999999284744262695e+00
1.999999284744262695e+00
1.999999284744262695e+00
1.999999284744262695e+00
1.999999284744262695e+00
1.999999284744262695e+00
1.999999284744262695e+00
1.999999284744262695e+00
1.999999284744262695e+00
1.999999284744262695e+00
1.999999284744262695e+00
1.999999284744262695e+00
1.999999284744262695e+00
1.999999284744262695e+00
1.999999284744262695e+00
1.999999284744262695e+00
1.999999284744262695e+00
1.999999284744262695e+00
1.999999284744262695e+00
1.999999284744262695e+00
1.999999284744262695e+00
1.999999284744262695e+00
1.999999284744262695e+00
1.999999284744262695e+00
1.999999284744262695e+00
1.999999284744262695e+00
1.999999284744262695e+00
1.999999284744262695e+00
1.999999284744262695e+00
1.999999284744262695e+00
1.999999284744262695e+00
1.999999284744262695e+00
1.999999284744262695e+00
1.999999284744262695e+00
1.999999284744262695e+00
