0.000000000000000000e+00
-8.432179689407348633e-02
-1.428284645080566406e-01
-1.815930008888244629e-01
-2.047797590494155884e-01
-2.155507057905197144e-01
-2.165270000696182251e-01
-2.100090831518173218e-01
-1.980577409267425537e-01
-1.824991255998611450e-01
-1.648982167243957520e-01
-1.465316861867904663e-01
-1.283783465623855591e-01
-1.111324578523635864e-01
-9.523727744817733765e-02
-8.093071728944778442e-02
-6.829459965229034424e-02
-5.730093643069267273e-02
-4.785120859742164612e-02
-3.980698436498641968e-02
-3.301226720213890076e-02
-2.730860933661460876e-02
-2.254463732242584229e-02
-1.858137547969818115e-02
-1.529474277049303055e-02
-1.257616002112627029e-02
-1.033202558755874634e-02
-8.482554927468299866e-03
-6.960328668355941772e-03
-5.708752665668725967e-03
-4.680566955357789993e-03
-3.836465999484062195e-03
-3.143865615129470825e-03
-2.575821476057171822e-03
-2.110095461830496788e-03
-1.728365779854357243e-03
-1.415553968399763107e-03
-1.159264589659869671e-03
-9.493157267570495605e-04
-7.773488177917897701e-04
-6.365063600242137909e-04
-5.211641546338796616e-04
-4.267112526576966047e-04
-3.493684926070272923e-04
-2.860389940906316042e-04
-2.341856161365285516e-04
-1.917298795888200402e-04
-1.569693995406851172e-04
-1.285099278902634978e-04
-1.052096049534156919e-04
-8.613343379693105817e-05
-7.051575812511146069e-05
-5.772966687800362706e-05
-4.726183760794810951e-05
-3.869199281325563788e-05
-3.167603063047863543e-05
-2.593221688584890217e-05
-2.122990190400741994e-05
-1.738024366204626858e-05
-1.422863715561106801e-05
-1.164851437351899222e-05
-9.536248398944735527e-06
-7.807001566106919199e-06
-6.391323495336109772e-06
-5.232354851614218205e-06
-4.283546331862453371e-06
-3.506789198581827804e-06
-2.870885055017424747e-06
-2.350292334085679613e-06
-1.924101297845481895e-06
-1.575193437020061538e-06
-1.289554916183988098e-06
-1.055712687048071530e-06
-8.642744546705216635e-07
-7.075507255649426952e-07
-5.792464889964321628e-07
-4.742084058761975029e-07
-3.882174155478423927e-07
-3.178197118813841371e-07
-2.601876190055918414e-07
-2.130063023741968209e-07
-1.743806450349438819e-07
-1.427591911351555609e-07
-1.168718455346606788e-07
-9.567879288852054742e-08
-7.832881010472192429e-08
-6.412499686803130317e-08
-5.249684065233850561e-08
-4.297728395386002376e-08
-3.518396241020127491e-08
-2.880384997183682572e-08
-2.358068051933059905e-08
-1.930465920452206774e-08
-1.580403541368013975e-08
-1.293819806846840947e-08
-1.059203924569374067e-08
-8.671323215025950049e-09
-7.098901466662255189e-09
-5.811616521356199883e-09
-4.757763072404941340e-09
-3.895010092236361743e-09
-3.188704855716650854e-09
-2.610478500031376825e-09
-2.137105381549986305e-09
-1.749571709730446400e-09
-1.432311713678302567e-09
-1.172582253516907258e-09
-9.599510075730677272e-10
-7.858774742075524955e-10
-6.433697463670284833e-10
-5.267037361811333085e-10
-4.311934698186803416e-10
-3.530026826403798168e-10
-2.889906647318696287e-10
-2.365863061015716085e-10
-1.936847487948867297e-10
-1.585627601441430556e-10
-1.298096768964640546e-10
-1.062705271004382723e-10
-8.699987952276444503e-11
-7.122368667067391357e-11
-5.830828181396796595e-11
-4.773490283604964191e-11
-3.907885820497725149e-11
-3.199246423335466716e-11
-2.619108575852013843e-11
-2.144170431483960471e-11
-1.755355409638337250e-11
-1.437046575486489175e-11
-1.176458583329598184e-11
-9.631245453944892176e-12
-7.884756215992272388e-12
-6.454967203112227381e-12
-5.284450828313413950e-12
-4.326190447545563700e-12
-3.541697317366310216e-12
-2.899461053196272786e-12
-2.373685232745503804e-12
-1.943251115577027122e-12
-1.590870122268606135e-12
-1.302388318719094329e-12
-1.066218619470704621e-12
-8.728750144557095858e-13
-7.145915803530300536e-13
-5.850105556232110260e-13
-4.789271735271272146e-13
-3.920805466319648991e-13
-3.209823357629149054e-13
-2.627767523976504149e-13
-2.151259178391137783e-13
-1.761158899922163346e-13
-1.441797798772820327e-13
-1.180348407989889603e-13
-9.663088742801334563e-14
-7.910824908552785417e-14
-6.476308882620920859e-14
-5.301922434614893265e-14
-4.340494299702110648e-14
-3.553406890564533849e-14
-2.909046904731558969e-14
-2.381532742280062509e-14
-1.949675535221299244e-14
-1.596129573454806161e-14
-1.306694095509980738e-14
-1.069743743592347154e-14
-8.757608319900824639e-15
-7.169540128411627106e-15
-5.869446198329946601e-15
-4.805105677908134629e-15
-3.933767967265319396e-15
-3.220434723812137280e-15
-2.636454211074764319e-15
-2.158370392677834426e-15
-1.766980502311500580e-15
-1.446563608474722967e-15
-1.184249998446038152e-15
-9.695031117571946758e-16
-7.936974530876243859e-16
-6.497717322725418080e-16
-5.319447906282587322e-16
-4.354841227295673739e-16
-3.565152939966081567e-16
-2.918662983908117342e-16
-2.389405034728108454e-16
-1.956120285985646075e-16
-1.601405519337104543e-16
-1.311013640609666529e-16
-1.073279881154007244e-16
-8.786558635488555744e-17
-7.193240692610953666e-17
-5.888848335019753605e-17
-4.820989266204826870e-17
-3.946771524427338809e-17
-3.231080630939923352e-17
-2.645170074222892662e-17
-2.165506069540745570e-17
-1.772822091502019464e-17
-1.451345956494920746e-17
-1.188165044285251632e-17
-9.727082347987681951e-18
